           1           1   7.4000000953674316     
           1           2   7.4000000953674316     
           1           3   7.4000000953674316     
           1           4   7.4000000953674316     
           1           5   7.4000000953674316     
           1           6   7.4000000953674316     
           1           7   7.4000000953674316     
           1           8   7.4000000953674316     
           1           9   7.4000000953674316     
           1          10   7.4000000953674316     
           1          11   7.4000000953674316     
           1          12   7.4000000953674316     
           1          13   7.4000000953674316     
           1          14   7.4000000953674316     
           1          15   7.4000000953674316     
           1          16   7.4000000953674316     
           1          17   7.4000000953674316     
           1          18   7.4000000953674316     
           1          19   7.4000000953674316     
           1          20   7.4000000953674316     
           1          21   7.4000000953674316     
           1          22   7.4000000953674316     
           1          23   7.4000000953674316     
           1          24   7.4000000953674316     
           1          25   7.4000000953674316     
           1          26   7.4000000953674316     
           1          27   7.4000000953674316     
           1          28   7.4000000953674316     
           1          29   7.4000000953674316     
           1          30   7.4000000953674316     
           1          31   7.4000000953674316     
           1          32   7.4000000953674316     
           1          33   7.4000000953674316     
           1          34   7.4000000953674316     
           2           1   7.0000000953674313     
           2           2   7.0998016649369324     
           2           3   7.1391325218539174     
           2           4   7.1575219372020173     
           2           5   7.1674946375739657     
           2           6   7.1735572530772727     
           2           7   7.1775585636668096     
           2           8   7.1803557032168417     
           2           9   7.1823900540950900     
           2          10   7.1839091042472818     
           2          11   7.1850611858445337     
           2          12   7.1859398191779924     
           2          13   7.1866061500077612     
           2          14   7.1871010471616037     
           2          15   7.1874519507951060     
           2          16   7.1876768732223670     
           2          17   7.1877867487682687     
           2          18   7.1877867487682687     
           2          19   7.1876768732223670     
           2          20   7.1874519507951060     
           2          21   7.1871010471616037     
           2          22   7.1866061500077612     
           2          23   7.1859398191779924     
           2          24   7.1850611858445337     
           2          25   7.1839091042472818     
           2          26   7.1823900540950900     
           2          27   7.1803557032168417     
           2          28   7.1775585636668096     
           2          29   7.1735572530772727     
           2          30   7.1674946375739657     
           2          31   7.1575219372020173     
           2          32   7.1391325218539174     
           2          33   7.0998016649369324     
           2          34   7.0000000953674313     
           3           1   6.8000000953674320     
           3           2   6.8600775420357722     
           3           3   6.8992135471276193     
           3           4   6.9234711487155653     
           3           5   6.9389133204041960     
           3           6   6.9491930451425441     
           3           7   6.9563416492838472     
           3           8   6.9614974775897558     
           3           9   6.9653214113656228     
           3          10   6.9682136630102223     
           3          11   6.9704265306948985     
           3          12   6.9721245972960375     
           3          13   6.9734180393103058     
           3          14   6.9743817310225840     
           3          15   6.9750665399486476     
           3          16   6.9755061315654210     
           3          17   6.9757210534348051     
           3          18   6.9757210534348051     
           3          19   6.9755061315654210     
           3          20   6.9750665399486476     
           3          21   6.9743817310225840     
           3          22   6.9734180393103058     
           3          23   6.9721245972960375     
           3          24   6.9704265306948985     
           3          25   6.9682136630102223     
           3          26   6.9653214113656228     
           3          27   6.9614974775897558     
           3          28   6.9563416492838472     
           3          29   6.9491930451425441     
           3          30   6.9389133204041960     
           3          31   6.9234711487155653     
           3          32   6.8992135471276193     
           3          33   6.8600775420357722     
           3          34   6.8000000953674320     
           4           1   6.6000000953674318     
           4           2   6.6413020178911548     
           4           3   6.6741872254080832     
           4           4   6.6982570029883428     
           4           5   6.7155224341784443     
           4           6   6.7279944596534582     
           4           7   6.7371582178104488     
           4           8   6.7440176903385423     
           4           9   6.7492364096676072     
           4          10   6.7532545093546288     
           4          11   6.7563680094307843     
           4          12   6.7587792067472963     
           4          13   6.7606281688968677     
           4          14   6.7620124507941695     
           4          15   6.7629995181715463     
           4          16   6.7636345874953872     
           4          17   6.7639454888934605     
           4          18   6.7639454888934605     
           4          19   6.7636345874953872     
           4          20   6.7629995181715463     
           4          21   6.7620124507941695     
           4          22   6.7606281688968677     
           4          23   6.7587792067472963     
           4          24   6.7563680094307843     
           4          25   6.7532545093546288     
           4          26   6.7492364096676072     
           4          27   6.7440176903385423     
           4          28   6.7371582178104488     
           4          29   6.7279944596534582     
           4          30   6.7155224341784443     
           4          31   6.6982570029883428     
           4          32   6.6741872254080832     
           4          33   6.6413020178911548     
           4          34   6.6000000953674318     
           5           1   6.4000000953674316     
           5           2   6.4309538633036336     
           5           3   6.4579975462971646     
           5           4   6.4798787822206165     
           5           5   6.4969666123272152     
           5           6   6.5101555027436904     
           5           7   6.5203396709543959     
           5           8   6.5282479439168615     
           5           9   6.5344293767158605     
           5          10   6.5392846650825414     
           5          11   6.5431030945394895     
           5          12   6.5460931216569671     
           5          13   6.5484049368991659     
           5          14   6.5501463075302295     
           5          15   6.5513934221215102     
           5          16   6.5521981576410075     
           5          17   6.5525927859998685     
           5          18   6.5525927859998685     
           5          19   6.5521981576410075     
           5          20   6.5513934221215102     
           5          21   6.5501463075302295     
           5          22   6.5484049368991659     
           5          23   6.5460931216569671     
           5          24   6.5431030945394895     
           5          25   6.5392846650825414     
           5          26   6.5344293767158605     
           5          27   6.5282479439168615     
           5          28   6.5203396709543959     
           5          29   6.5101555027436904     
           5          30   6.4969666123272152     
           5          31   6.4798787822206165     
           5          32   6.4579975462971646     
           5          33   6.4309538633036336     
           5          34   6.4000000953674316     
           6           1   6.2000000953674315     
           6           2   6.2245298490413274     
           6           3   6.2469982976537599     
           6           4   6.2663356254170743     
           6           5   6.2823646855723396     
           6           6   6.2953890233116292     
           6           7   6.3058769605379270     
           6           8   6.3142964411938047     
           6           9   6.3210505259003451     
           6          10   6.3264634279455301     
           6          11   6.3307870283071006     
           6          12   6.3342133024740885     
           6          13   6.3368866512145585     
           6          14   6.3389141519288108     
           6          15   6.3403734009944390     
           6          16   6.3413181938885739     
           6          17   6.3417824079283411     
           6          18   6.3417824079283411     
           6          19   6.3413181938885739     
           6          20   6.3403734009944390     
           6          21   6.3389141519288108     
           6          22   6.3368866512145585     
           6          23   6.3342133024740885     
           6          24   6.3307870283071006     
           6          25   6.3264634279455301     
           6          26   6.3210505259003451     
           6          27   6.3142964411938047     
           6          28   6.3058769605379270     
           6          29   6.2953890233116292     
           6          30   6.2823646855723396     
           6          31   6.2663356254170743     
           6          32   6.2469982976537599     
           6          33   6.2245298490413274     
           6          34   6.2000000953674315     
           7           1   6.0000000953674313     
           7           2   6.0201844685469625     
           7           3   6.0391646704395372     
           7           4   6.0561520960390922     
           7           5   6.0708352354474657     
           7           6   6.0832424790510951     
           7           7   6.0935812657163071     
           7           8   6.1021230247709157     
           7           9   6.1091386593882318     
           7          10   6.1148692656260710     
           7          11   6.1195167857157484     
           7          12   6.1232442851687034     
           7          13   6.1261800397090740     
           7          14   6.1284225216899664     
           7          15   6.1300449974983362     
           7          16   6.1310992535552824     
           7          17   6.1316183375794369     
           7          18   6.1316183375794369     
           7          19   6.1310992535552824     
           7          20   6.1300449974983362     
           7          21   6.1284225216899664     
           7          22   6.1261800397090740     
           7          23   6.1232442851687034     
           7          24   6.1195167857157484     
           7          25   6.1148692656260710     
           7          26   6.1091386593882318     
           7          27   6.1021230247709157     
           7          28   6.0935812657163071     
           7          29   6.0832424790510951     
           7          30   6.0708352354474657     
           7          31   6.0561520960390922     
           7          32   6.0391646704395372     
           7          33   6.0201844685469625     
           7          34   6.0000000953674313     
           8           1   5.8000000953674320     
           8           2   5.8170637043723632     
           8           3   5.8333645243143000     
           8           4   5.8483334490108199     
           8           5   5.8616616195480669     
           8           6   5.8732629489011670     
           8           7   5.8831988813794558     
           8           8   5.8916086888446122     
           8           9   5.8986602458322777     
           8          10   5.9045207390065890     
           8          11   5.9093417656060172     
           8          12   5.9132532808394398     
           8          13   5.9163623476407476     
           8          14   5.9187541519713580     
           8          15   5.9204938344887816     
           8          16   5.9216283797346918     
           8          17   5.9221881913009238     
           8          18   5.9221881913009238     
           8          19   5.9216283797346918     
           8          20   5.9204938344887816     
           8          21   5.9187541519713580     
           8          22   5.9163623476407476     
           8          23   5.9132532808394398     
           8          24   5.9093417656060172     
           8          25   5.9045207390065890     
           8          26   5.8986602458322777     
           8          27   5.8916086888446122     
           8          28   5.8831988813794558     
           8          29   5.8732629489011670     
           8          30   5.8616616195480669     
           8          31   5.8483334490108199     
           8          32   5.8333645243143000     
           8          33   5.8170637043723632     
           8          34   5.8000000953674320     
           9           1   5.6000000953674318     
           9           2   5.6147291051647654     
           9           3   5.6289428136796325     
           9           4   5.6422248389913712     
           9           5   5.6543062432303284     
           9           6   5.6650615013687222     
           9           7   5.6744755752162392     
           9           8   5.6826046192907445     
           9           9   5.6895425987222268     
           9          10   5.6953975307771669     
           9          11   5.7002765754525724     
           9          12   5.7042776955276953     
           9          13   5.7074856125373650     
           9          14   5.7099702961261931     
           9          15   5.7117867942327338     
           9          16   5.7129756538861125     
           9          17   5.7135634954916821     
           9          18   5.7135634954916821     
           9          19   5.7129756538861125     
           9          20   5.7117867942327338     
           9          21   5.7099702961261931     
           9          22   5.7074856125373650     
           9          23   5.7042776955276953     
           9          24   5.7002765754525724     
           9          25   5.6953975307771669     
           9          26   5.6895425987222268     
           9          27   5.6826046192907445     
           9          28   5.6744755752162392     
           9          29   5.6650615013687222     
           9          30   5.6543062432303284     
           9          31   5.6422248389913712     
           9          32   5.6289428136796325     
           9          33   5.6147291051647654     
           9          34   5.6000000953674318     
          10           1   5.4000000953674316     
          10           2   5.4129359022555814     
          10           3   5.4255047398110863     
          10           4   5.4373941919466589     
          10           5   5.4483790424098970     
          10           6   5.4583270315657728     
          10           7   5.4671857164629412     
          10           8   5.4749613128352452     
          10           9   5.4816974406849921     
          10          10   5.4874576800343773     
          10          11   5.4923129287597652     
          10          12   5.4963330565089921     
          10          13   5.4995818247310870     
          10          14   5.5021140494333212     
          10          15   5.5039741760279641     
          10          16   5.5051956739372860     
          10          17   5.5058008523633815     
          10          18   5.5058008523633815     
          10          19   5.5051956739372860     
          10          20   5.5039741760279641     
          10          21   5.5021140494333212     
          10          22   5.4995818247310870     
          10          23   5.4963330565089921     
          10          24   5.4923129287597652     
          10          25   5.4874576800343773     
          10          26   5.4816974406849921     
          10          27   5.4749613128352452     
          10          28   5.4671857164629412     
          10          29   5.4583270315657728     
          10          30   5.4483790424098970     
          10          31   5.4373941919466589     
          10          32   5.4255047398110863     
          10          33   5.4129359022555814     
          10          34   5.4000000953674316     
          11           1   5.2000000953674315     
          11           2   5.2115382461342099     
          11           3   5.2228029476334612     
          11           4   5.2335528460805065     
          11           5   5.2436004390506801     
          11           6   5.2528196263305365     
          11           7   5.2611414838194301     
          11           8   5.2685433170165226     
          11           9   5.2750356356111379     
          11          10   5.2806500270393775     
          11          11   5.2854292960547529     
          11          12   5.2894201373163776     
          11          13   5.2926680509114252     
          11          14   5.2952140042427374     
          11          15   5.2970923504776275     
          11          16   5.2983295917396003     
          11          17   5.2989436855549368     
          11          18   5.2989436855549368     
          11          19   5.2983295917396003     
          11          20   5.2970923504776275     
          11          21   5.2952140042427374     
          11          22   5.2926680509114252     
          11          23   5.2894201373163776     
          11          24   5.2854292960547529     
          11          25   5.2806500270393775     
          11          26   5.2750356356111379     
          11          27   5.2685433170165226     
          11          28   5.2611414838194301     
          11          29   5.2528196263305365     
          11          30   5.2436004390506801     
          11          31   5.2335528460805065     
          11          32   5.2228029476334612     
          11          33   5.2115382461342099     
          11          34   5.2000000953674315     
          12           1   5.0000000953674313     
          12           2   5.0104448403355599     
          12           3   5.0206772815041631     
          12           4   5.0305050956216792     
          12           5   5.0397706710104710     
          12           6   5.0483580302224693     
          12           7   5.0561924591057146     
          12           8   5.0632351380917253     
          12           9   5.0694753637806205     
          12          10   5.0749223822328764     
          12          11   5.0795980379382231     
          12          12   5.0835307642153529     
          12          13   5.0867509852453754     
          12          14   5.0892877749202290     
          12          15   5.0911665259074850     
          12          16   5.0924073889085317     
          12          17   5.0930242755358455     
          12          18   5.0930242755358455     
          12          19   5.0924073889085317     
          12          20   5.0911665259074850     
          12          21   5.0892877749202290     
          12          22   5.0867509852453754     
          12          23   5.0835307642153529     
          12          24   5.0795980379382231     
          12          25   5.0749223822328764     
          12          26   5.0694753637806205     
          12          27   5.0632351380917253     
          12          28   5.0561924591057146     
          12          29   5.0483580302224693     
          12          30   5.0397706710104710     
          12          31   5.0305050956216792     
          12          32   5.0206772815041631     
          12          33   5.0104448403355599     
          12          34   5.0000000953674313     
          13           1   4.8000000953674320     
          13           2   4.8095964836843246     
          13           3   4.8190214367609840     
          13           4   4.8281166364380983     
          13           5   4.8367471515140821     
          13           6   4.8448072164707998     
          13           7   4.8522214272465147     
          13           8   4.8589423588109479     
          13           9   4.8649460214042941     
          13          10   4.8702264444295169     
          13          11   4.8747903188007795     
          13          12   4.8786522290336283     
          13          13   4.8818307058331953     
          13          14   4.8843451228764803     
          13          15   4.8862133640874772     
          13          16   4.8874501411649476     
          13          17   4.8880658471288019     
          13          18   4.8880658471288019     
          13          19   4.8874501411649476     
          13          20   4.8862133640874772     
          13          21   4.8843451228764803     
          13          22   4.8818307058331953     
          13          23   4.8786522290336283     
          13          24   4.8747903188007795     
          13          25   4.8702264444295169     
          13          26   4.8649460214042941     
          13          27   4.8589423588109479     
          13          28   4.8522214272465147     
          13          29   4.8448072164707998     
          13          30   4.8367471515140821     
          13          31   4.8281166364380983     
          13          32   4.8190214367609840     
          13          33   4.8095964836843246     
          13          34   4.8000000953674320     
          14           1   4.6000000953674309     
          14           2   4.6089539553786087     
          14           3   4.6177638199630868     
          14           4   4.6262947981097744     
          14           5   4.6344285563903256     
          14           6   4.6420680520461444     
          14           7   4.6491392883290033     
          14           8   4.6555905102477784     
          14           9   4.6613896018390957     
          14          10   4.6665204998816696     
          14          11   4.6709792923823503     
          14          12   4.6747704717136918     
          14          13   4.6779036078631346     
          14          14   4.6803905658121874     
          14          15   4.6822432858979779     
          14          16   4.6834721005346784     
          14          17   4.6840845335618253     
          14          18   4.6840845335618253     
          14          19   4.6834721005346784     
          14          20   4.6822432858979779     
          14          21   4.6803905658121874     
          14          22   4.6779036078631346     
          14          23   4.6747704717136918     
          14          24   4.6709792923823503     
          14          25   4.6665204998816696     
          14          26   4.6613896018390957     
          14          27   4.6555905102477784     
          14          28   4.6491392883290033     
          14          29   4.6420680520461444     
          14          30   4.6344285563903256     
          14          31   4.6262947981097744     
          14          32   4.6177638199630868     
          14          33   4.6089539553786087     
          14          34   4.6000000953674309     
          15           1   4.4000000953674316     
          15           2   4.4084911515426599     
          15           3   4.4168562243245049     
          15           4   4.4249760754415792     
          15           5   4.4327439223293732     
          15           6   4.4400693822051611     
          15           7   4.4468803768445744     
          15           8   4.4531231416338972     
          15           9   4.4587607588463207     
          15          10   4.4637707272161844     
          15          11   4.4681420573042674     
          15          12   4.4718722737658627     
          15          13   4.4749645953074770     
          15          14   4.4774254476730428     
          15          15   4.4792623919750749     
          15          16   4.4804824895736699     
          15          17   4.4810911013014945     
          15          18   4.4810911013014945     
          15          19   4.4804824895736699     
          15          20   4.4792623919750749     
          15          21   4.4774254476730428     
          15          22   4.4749645953074770     
          15          23   4.4718722737658627     
          15          24   4.4681420573042674     
          15          25   4.4637707272161844     
          15          26   4.4587607588463207     
          15          27   4.4531231416338972     
          15          28   4.4468803768445744     
          15          29   4.4400693822051611     
          15          30   4.4327439223293732     
          15          31   4.4249760754415792     
          15          32   4.4168562243245049     
          15          33   4.4084911515426599     
          15          34   4.4000000953674316     
          16           1   4.2000000953674315     
          16           2   4.2081910725922231     
          16           3   4.2162670003894256     
          16           4   4.2241182535401425     
          16           5   4.2316453315359963     
          16           6   4.2387622933626066     
          16           7   4.2453986655918916     
          16           8   4.2514998541340665     
          16           9   4.2570262964969547     
          16          10   4.2619517084350802     
          16          11   4.2662607887203254     
          16          12   4.2699467105574849     
          16          13   4.2730086462875887     
          16          14   4.2754495032386455     
          16          15   4.2772739730937737     
          16          16   4.2784869542759498     
          16          17   4.2790923669124812     
          16          18   4.2790923669124812     
          16          19   4.2784869542759498     
          16          20   4.2772739730937737     
          16          21   4.2754495032386455     
          16          22   4.2730086462875887     
          16          23   4.2699467105574849     
          16          24   4.2662607887203254     
          16          25   4.2619517084350802     
          16          26   4.2570262964969547     
          16          27   4.2514998541340665     
          16          28   4.2453986655918916     
          16          29   4.2387622933626066     
          16          30   4.2316453315359963     
          16          31   4.2241182535401425     
          16          32   4.2162670003894256     
          16          33   4.2081910725922231     
          16          34   4.2000000953674315     
          17           1   4.0000000953674313     
          17           2   4.0080434639705791     
          17           3   4.0159769542265042     
          17           4   4.0236955170140627     
          17           5   4.0311031704148022     
          17           6   4.0381161850892688     
          17           7   4.0446649737342861     
          17           8   4.0506946647618580     
          17           9   4.0561645300205980     
          17          10   4.0610465388877612     
          17          11   4.0653233550454466     
          17          12   4.0689860636392030     
          17          13   4.0720318734088705     
          17          14   4.0744619666066235     
          17          15   4.0762796185539996     
          17          16   4.0774886529749486     
          17          17   4.0780922718396333     
          17          18   4.0780922718396333     
          17          19   4.0774886529749486     
          17          20   4.0762796185539996     
          17          21   4.0744619666066235     
          17          22   4.0720318734088705     
          17          23   4.0689860636392030     
          17          24   4.0653233550454466     
          17          25   4.0610465388877612     
          17          26   4.0561645300205980     
          17          27   4.0506946647618580     
          17          28   4.0446649737342861     
          17          29   4.0381161850892688     
          17          30   4.0311031704148022     
          17          31   4.0236955170140627     
          17          32   4.0159769542265042     
          17          33   4.0080434639705791     
          17          34   4.0000000953674313     
          18           1   3.8000000953674316     
          18           2   3.8080434952739539     
          18           3   3.8159770164981781     
          18           4   3.8236956098005699     
          18           5   3.8311032927277475     
          18           6   3.8381163360247732     
          18           7   3.8446651517003825     
          18           8   3.8506948684130657     
          18           9   3.8561647572412716     
          18          10   3.8610467879094132     
          18          11   3.8653236233333534     
          18          12   3.8689863490341945     
          18          13   3.8720321730786580     
          18          14   3.8744622780505815     
          18          15   3.8762799387717082     
          18          16   3.8774889791924529     
          18          17   3.8780926010168937     
          18          18   3.8780926010168937     
          18          19   3.8774889791924529     
          18          20   3.8762799387717082     
          18          21   3.8744622780505815     
          18          22   3.8720321730786580     
          18          23   3.8689863490341945     
          18          24   3.8653236233333534     
          18          25   3.8610467879094132     
          18          26   3.8561647572412716     
          18          27   3.8506948684130657     
          18          28   3.8446651517003825     
          18          29   3.8381163360247732     
          18          30   3.8311032927277475     
          18          31   3.8236956098005699     
          18          32   3.8159770164981781     
          18          33   3.8080434952739539     
          18          34   3.8000000953674316     
          19           1   3.6000000953674314     
          19           2   3.6081911653038863     
          19           3   3.6162671850340513     
          19           4   3.6241185283544946     
          19           5   3.6316456942029829     
          19           6   3.6387627404245686     
          19           7   3.6453991932527314     
          19           8   3.6515004573790786     
          19           9   3.6570269701555027     
          19          10   3.6619524461375583     
          19          11   3.6662615840740216     
          19          12   3.6699475560954196     
          19          13   3.6730095345948466     
          19          14   3.6754504260498702     
          19          15   3.6772749222153238     
          19          16   3.6784879209685220     
          19          17   3.6790933424845678     
          19          18   3.6790933424845678     
          19          19   3.6784879209685220     
          19          20   3.6772749222153238     
          19          21   3.6754504260498702     
          19          22   3.6730095345948466     
          19          23   3.6699475560954196     
          19          24   3.6662615840740216     
          19          25   3.6619524461375583     
          19          26   3.6570269701555027     
          19          27   3.6515004573790786     
          19          28   3.6453991932527314     
          19          29   3.6387627404245686     
          19          30   3.6316456942029829     
          19          31   3.6241185283544946     
          19          32   3.6162671850340513     
          19          33   3.6081911653038863     
          19          34   3.6000000953674314     
          20           1   3.4000000953674316     
          20           2   3.4084913023254440     
          20           3   3.4168565244854210     
          20           4   3.4249765223905118     
          20           5   3.4327445119024405     
          20           6   3.4400701092932220     
          20           7   3.4468812346765514     
          20           8   3.4531241227303076     
          20           9   3.4587618540836185     
          20          10   3.4637719269760905     
          20          11   3.4681433504610952     
          20          12   3.4718736488755106     
          20          13   3.4749660396720516     
          20          14   3.4774269484091791     
          20          15   3.4792639353006809     
          20          16   3.4804840616141481     
          20          17   3.4810926877131569     
          20          18   3.4810926877131569     
          20          19   3.4804840616141481     
          20          20   3.4792639353006809     
          20          21   3.4774269484091791     
          20          22   3.4749660396720516     
          20          23   3.4718736488755106     
          20          24   3.4681433504610952     
          20          25   3.4637719269760905     
          20          26   3.4587618540836185     
          20          27   3.4531241227303076     
          20          28   3.4468812346765514     
          20          29   3.4400701092932220     
          20          30   3.4327445119024405     
          20          31   3.4249765223905118     
          20          32   3.4168565244854210     
          20          33   3.4084913023254440     
          20          34   3.4000000953674316     
          21           1   3.2000000953674315     
          21           2   3.2089541586622961     
          21           3   3.2177642247615270     
          21           4   3.2262954006959546     
          21           5   3.2344293515054416     
          21           6   3.2420690323628985     
          21           7   3.2491404452496826     
          21           8   3.2555918331053246     
          21           9   3.2613910789621157     
          21          10   3.2665221176578072     
          21          11   3.2709810364482288     
          21          12   3.2747723260260333     
          21          13   3.2779055558553392     
          21          14   3.2803925896195629     
          21          15   3.2822453673297116     
          21          16   3.2834742205797700     
          21          17   3.2840866730538449     
          21          18   3.2840866730538449     
          21          19   3.2834742205797700     
          21          20   3.2822453673297116     
          21          21   3.2803925896195629     
          21          22   3.2779055558553392     
          21          23   3.2747723260260333     
          21          24   3.2709810364482288     
          21          25   3.2665221176578072     
          21          26   3.2613910789621157     
          21          27   3.2555918331053246     
          21          28   3.2491404452496826     
          21          29   3.2420690323628985     
          21          30   3.2344293515054416     
          21          31   3.2262954006959546     
          21          32   3.2177642247615270     
          21          33   3.2089541586622961     
          21          34   3.2000000953674315     
          22           1   3.0000000953674313     
          22           2   3.0095967320737600     
          22           3   3.0190219312726025     
          22           4   3.0281173727482731     
          22           5   3.0367481228915265     
          22           6   3.0448084143845806     
          22           7   3.0522228407234744     
          22           8   3.0589439753655250     
          22           9   3.0649478262090959     
          22          10   3.0702284214461537     
          22          11   3.0747924498950057     
          22          12   3.0786544951584318     
          22          13   3.0818330862296519     
          22          14   3.0843475961554283     
          22          15   3.0862159076479911     
          22          16   3.0874527320385683     
          22          17   3.0880684617192466     
          22          18   3.0880684617192466     
          22          19   3.0874527320385683     
          22          20   3.0862159076479911     
          22          21   3.0843475961554283     
          22          22   3.0818330862296519     
          22          23   3.0786544951584318     
          22          24   3.0747924498950057     
          22          25   3.0702284214461537     
          22          26   3.0649478262090959     
          22          27   3.0589439753655250     
          22          28   3.0522228407234744     
          22          29   3.0448084143845806     
          22          30   3.0367481228915265     
          22          31   3.0281173727482731     
          22          32   3.0190219312726025     
          22          33   3.0095967320737600     
          22          34   3.0000000953674313     
          23           1   2.8000000953674311     
          23           2   2.8104451246697275     
          23           3   2.8206778476905141     
          23           4   2.8305059385259645     
          23           5   2.8397717832444664     
          23           6   2.8483594016664404     
          23           7   2.8561940776625367     
          23           8   2.8632369889867846     
          23           9   2.8694774305791988     
          23          10   2.8749246460319453     
          23          11   2.8796004785149081     
          23          12   2.8835333592404946     
          23          13   2.8867537114140704     
          23          14   2.8892906073172959     
          23          15   2.8911694389776672     
          23          16   2.8924103560863106     
          23          17   2.8930272699395663     
          23          18   2.8930272699395663     
          23          19   2.8924103560863106     
          23          20   2.8911694389776672     
          23          21   2.8892906073172959     
          23          22   2.8867537114140704     
          23          23   2.8835333592404946     
          23          24   2.8796004785149081     
          23          25   2.8749246460319453     
          23          26   2.8694774305791988     
          23          27   2.8632369889867846     
          23          28   2.8561940776625367     
          23          29   2.8483594016664404     
          23          30   2.8397717832444664     
          23          31   2.8305059385259645     
          23          32   2.8206778476905141     
          23          33   2.8104451246697275     
          23          34   2.8000000953674311     
          24           1   2.6000000953674309     
          24           2   2.6115385560066664     
          24           3   2.6228035645964298     
          24           4   2.6335537647575809     
          24           5   2.6436016511569025     
          24           6   2.6528211212233543     
          24           7   2.6611432479387802     
          24           8   2.6685453347432797     
          24           9   2.6750378885602437     
          24          10   2.6806524951173847     
          24          11   2.6854319567200404     
          24          12   2.6894229666975926     
          24          13   2.6926710231561004     
          24          14   2.6952170925544472     
          24          15   2.6970955266671721     
          24          16   2.6983328270556317     
          24          17   2.6989469505274548     
          24          18   2.6989469505274548     
          24          19   2.6983328270556317     
          24          20   2.6970955266671721     
          24          21   2.6952170925544472     
          24          22   2.6926710231561004     
          24          23   2.6894229666975926     
          24          24   2.6854319567200404     
          24          25   2.6806524951173847     
          24          26   2.6750378885602437     
          24          27   2.6685453347432797     
          24          28   2.6611432479387802     
          24          29   2.6528211212233543     
          24          30   2.6436016511569025     
          24          31   2.6335537647575809     
          24          32   2.6228035645964298     
          24          33   2.6115385560066664     
          24          34   2.6000000953674309     
          25           1   2.4000000953674316     
          25           2   2.4129362261932785     
          25           3   2.4255053848962986     
          25           4   2.4373951524411894     
          25           5   2.4483803099638264     
          25           6   2.4583285947956806     
          25           7   2.4671875616162562     
          25           8   2.4749634231982078     
          25           9   2.4816997975009425     
          25          10   2.4874602618384514     
          25          11   2.4923157124285584     
          25          12   2.4963360166274491     
          25          13   2.4995849346367223     
          25          14   2.5021172807236001     
          25          15   2.5039774994707984     
          25          16   2.5051990592139348     
          25          17   2.5058042687416751     
          25          18   2.5058042687416751     
          25          19   2.5051990592139348     
          25          20   2.5039774994707984     
          25          21   2.5021172807236001     
          25          22   2.4995849346367223     
          25          23   2.4963360166274491     
          25          24   2.4923157124285584     
          25          25   2.4874602618384514     
          25          26   2.4816997975009425     
          25          27   2.4749634231982078     
          25          28   2.4671875616162562     
          25          29   2.4583285947956806     
          25          30   2.4483803099638264     
          25          31   2.4373951524411894     
          25          32   2.4255053848962986     
          25          33   2.4129362261932785     
          25          34   2.4000000953674316     
          26           1   2.2000000953674315     
          26           2   2.2147294312016537     
          26           3   2.2289434629216220     
          26           4   2.2422258059091056     
          26           5   2.2543075192989011     
          26           6   2.2650630755120731     
          26           7   2.2744774333277706     
          26           8   2.2826067449729317     
          26           9   2.2895449727141499     
          26          10   2.2954001318868298     
          26          11   2.3002793799734329     
          26          12   2.3042806782340679     
          26          13   2.3074887461837710     
          26          14   2.3099735523795770     
          26          15   2.3117901433476935     
          26          16   2.3129790654654250     
          26          17   2.3135669384116682     
          26          18   2.3135669384116682     
          26          19   2.3129790654654250     
          26          20   2.3117901433476935     
          26          21   2.3099735523795770     
          26          22   2.3074887461837710     
          26          23   2.3042806782340679     
          26          24   2.3002793799734329     
          26          25   2.2954001318868298     
          26          26   2.2895449727141499     
          26          27   2.2826067449729317     
          26          28   2.2744774333277706     
          26          29   2.2650630755120731     
          26          30   2.2543075192989011     
          26          31   2.2422258059091056     
          26          32   2.2289434629216220     
          26          33   2.2147294312016537     
          26          34   2.2000000953674315     
          27           1   2.0000000953674313     
          27           2   2.0170640202912558     
          27           3   2.0333651535773645     
          27           4   2.0483343862816796     
          27           5   2.0616628569336211     
          27           6   2.0732644755582976     
          27           7   2.0832006840412065     
          27           8   2.0916107513445477     
          27           9   2.0986625498813347     
          27          10   2.1045232636844924     
          27          11   2.1093444882607115     
          27          12   2.1132561766128601     
          27          13   2.1163653903680797     
          27          14   2.1187573138243030     
          27          15   2.1204970867672635     
          27          16   2.1216316927042294     
          27          17   2.1221915347914906     
          27          18   2.1221915347914906     
          27          19   2.1216316927042294     
          27          20   2.1204970867672635     
          27          21   2.1187573138243030     
          27          22   2.1163653903680797     
          27          23   2.1132561766128601     
          27          24   2.1093444882607115     
          27          25   2.1045232636844924     
          27          26   2.0986625498813347     
          27          27   2.0916107513445477     
          27          28   2.0832006840412065     
          27          29   2.0732644755582976     
          27          30   2.0616628569336211     
          27          31   2.0483343862816796     
          27          32   2.0333651535773645     
          27          33   2.0170640202912558     
          27          34   2.0000000953674313     
          28           1   1.8000000953674311     
          28           2   1.8201847624213803     
          28           3   1.8391652559232796     
          28           4   1.8561529685694920     
          28           5   1.8708363877867795     
          28           6   1.8832439015498768     
          28           7   1.8935829459126428     
          28           8   1.9021249479829818     
          28           9   1.9091408082978985     
          28          10   1.9148716210487084     
          28          11   1.9195193261841417     
          28          12   1.9232469877534877     
          28          13   1.9261828796662335     
          28          14   1.9284254732302102     
          28          15   1.9300480335713339     
          28          16   1.9311023464840507     
          28          17   1.9316214590404543     
          28          18   1.9316214590404543     
          28          19   1.9311023464840507     
          28          20   1.9300480335713339     
          28          21   1.9284254732302102     
          28          22   1.9261828796662335     
          28          23   1.9232469877534877     
          28          24   1.9195193261841417     
          28          25   1.9148716210487084     
          28          26   1.9091408082978985     
          28          27   1.9021249479829818     
          28          28   1.8935829459126428     
          28          29   1.8832439015498768     
          28          30   1.8708363877867795     
          28          31   1.8561529685694920     
          28          32   1.8391652559232796     
          28          33   1.8201847624213803     
          28          34   1.8000000953674311     
          29           1   1.6000000953674309     
          29           2   1.6245301094413549     
          29           3   1.6469988168872258     
          29           4   1.6663363998609904     
          29           5   1.6823657094123201     
          29           6   1.6953902881262375     
          29           7   1.7058784556755260     
          29           8   1.7142981534564812     
          29           9   1.7210524401701732     
          29          10   1.7264655268568334     
          29          11   1.7307892929570581     
          29          12   1.7342157121097999     
          29          13   1.7368891839343235     
          29          14   1.7389167844497802     
          29          15   1.7403761092700860     
          29          16   1.7413209530179043     
          29          17   1.7417851926291736     
          29          18   1.7417851926291736     
          29          19   1.7413209530179043     
          29          20   1.7403761092700860     
          29          21   1.7389167844497802     
          29          22   1.7368891839343235     
          29          23   1.7342157121097999     
          29          24   1.7307892929570581     
          29          25   1.7264655268568334     
          29          26   1.7210524401701732     
          29          27   1.7142981534564812     
          29          28   1.7058784556755260     
          29          29   1.6953902881262375     
          29          30   1.6823657094123201     
          29          31   1.6663363998609904     
          29          32   1.6469988168872258     
          29          33   1.6245301094413549     
          29          34   1.6000000953674309     
          30           1   1.4000000953674316     
          30           2   1.4309540796343916     
          30           3   1.4579979784935846     
          30           4   1.4798794283422310     
          30           5   1.4969674681624920     
          30           6   1.5101565618745378     
          30           7   1.5203409245389607     
          30           8   1.5282493811926758     
          30           9   1.5344309847984172     
          30          10   1.5392864295592448     
          30          11   1.5431049992316075     
          30          12   1.5460951492201769     
          30          13   1.5484070686106117     
          30          14   1.5501485238426018     
          30          15   1.5513957025374903     
          30          16   1.5522004811708650     
          30          17   1.5525951311685844     
          30          18   1.5525951311685844     
          30          19   1.5522004811708650     
          30          20   1.5513957025374903     
          30          21   1.5501485238426018     
          30          22   1.5484070686106117     
          30          23   1.5460951492201769     
          30          24   1.5431049992316075     
          30          25   1.5392864295592448     
          30          26   1.5344309847984172     
          30          27   1.5282493811926758     
          30          28   1.5203409245389607     
          30          29   1.5101565618745378     
          30          30   1.4969674681624920     
          30          31   1.4798794283422310     
          30          32   1.4579979784935846     
          30          33   1.4309540796343916     
          30          34   1.4000000953674316     
          31           1   1.2000000953674315     
          31           2   1.2413021802324053     
          31           3   1.2741875519910508     
          31           4   1.2982574942228564     
          31           5   1.3155230881263902     
          31           6   1.3279952718997718     
          31           7   1.3371591819606823     
          31           8   1.3440187980303728     
          31           9   1.3492376510874211     
          31          10   1.3532558731160098     
          31          11   1.3563694830608246     
          31          12   1.3587807765265190     
          31          13   1.3606298203134057     
          31          14   1.3620141684189289     
          31          15   1.3630012860531917     
          31          16   1.3636363891184429     
          31          17   1.3639473074825212     
          31          18   1.3639473074825212     
          31          19   1.3636363891184429     
          31          20   1.3630012860531917     
          31          21   1.3620141684189289     
          31          22   1.3606298203134057     
          31          23   1.3587807765265190     
          31          24   1.3563694830608246     
          31          25   1.3532558731160098     
          31          26   1.3492376510874211     
          31          27   1.3440187980303728     
          31          28   1.3371591819606823     
          31          29   1.3279952718997718     
          31          30   1.3155230881263902     
          31          31   1.2982574942228564     
          31          32   1.2741875519910508     
          31          33   1.2413021802324053     
          31          34   1.2000000953674315     
          32           1   1.0000000953674313     
          32           2   1.0600776404129482     
          32           3   1.0992137514911260     
          32           4   1.1234714630673275     
          32           5   1.1389137450793334     
          32           6   1.1491935779609947     
          32           7   1.1563422861184709     
          32           8   1.1614982129626232     
          32           9   1.1653222385095896     
          32          10   1.1682145742521832     
          32          11   1.1704275173766061     
          32          12   1.1721256501037003     
          32          13   1.1734191481811902     
          32          14   1.1743828854378859     
          32          15   1.1750677288781362     
          32          16   1.1755073437079389     
          32          17   1.1757222772288389     
          32          18   1.1757222772288389     
          32          19   1.1755073437079389     
          32          20   1.1750677288781362     
          32          21   1.1743828854378859     
          32          22   1.1734191481811902     
          32          23   1.1721256501037003     
          32          24   1.1704275173766061     
          32          25   1.1682145742521832     
          32          26   1.1653222385095896     
          32          27   1.1614982129626232     
          32          28   1.1563422861184709     
          32          29   1.1491935779609947     
          32          30   1.1389137450793334     
          32          31   1.1234714630673275     
          32          32   1.0992137514911260     
          32          33   1.0600776404129482     
          32          34   1.0000000953674313     
          33           1  0.80000009536743111     
          33           2  0.89980168614873779     
          33           3  0.93913258894374141     
          33           4  0.95752205776379762     
          33           5  0.96749481344688415     
          33           6  0.97355748364817485     
          33           7  0.97755884707372009     
          33           8  0.98035603669976057     
          33           9  0.98239043429687156     
          33          10  0.98390952722330272     
          33          11  0.98506164724919054     
          33          12  0.98594031422185158     
          33          13  0.98660667361713872     
          33          14  0.98710159394060448     
          33          15  0.98745251516203991     
          33          16  0.98767744939826274     
          33          17  0.98778733088192239     
          33          18  0.98778733088192239     
          33          19  0.98767744939826274     
          33          20  0.98745251516203991     
          33          21  0.98710159394060448     
          33          22  0.98660667361713872     
          33          23  0.98594031422185158     
          33          24  0.98506164724919054     
          33          25  0.98390952722330272     
          33          26  0.98239043429687156     
          33          27  0.98035603669976057     
          33          28  0.97755884707372009     
          33          29  0.97355748364817485     
          33          30  0.96749481344688415     
          33          31  0.95752205776379762     
          33          32  0.93913258894374141     
          33          33  0.89980168614873779     
          33          34  0.80000009536743111     
          34           1  0.80000001192092896     
          34           2  0.80000001192092896     
          34           3  0.80000001192092896     
          34           4  0.80000001192092896     
          34           5  0.80000001192092896     
          34           6  0.80000001192092896     
          34           7  0.80000001192092896     
          34           8  0.80000001192092896     
          34           9  0.80000001192092896     
          34          10  0.80000001192092896     
          34          11  0.80000001192092896     
          34          12  0.80000001192092896     
          34          13  0.80000001192092896     
          34          14  0.80000001192092896     
          34          15  0.80000001192092896     
          34          16  0.80000001192092896     
          34          17  0.80000001192092896     
          34          18  0.80000001192092896     
          34          19  0.80000001192092896     
          34          20  0.80000001192092896     
          34          21  0.80000001192092896     
          34          22  0.80000001192092896     
          34          23  0.80000001192092896     
          34          24  0.80000001192092896     
          34          25  0.80000001192092896     
          34          26  0.80000001192092896     
          34          27  0.80000001192092896     
          34          28  0.80000001192092896     
          34          29  0.80000001192092896     
          34          30  0.80000001192092896     
          34          31  0.80000001192092896     
          34          32  0.80000001192092896     
          34          33  0.80000001192092896     
          34          34  0.80000001192092896     
